26
9
300
01234567801234567801234567
12345678012345678012345670
23456780123456780123456701
34567801234567801234567012
45678012345678012345670123
56780123456780123456701234
67801234567801234567012345
78012345678012345670123456
80123456780123456701234567
01234567801234567012345678
12345678012345670123456780
23456780123456701234567801
34567801234567012345678012
45678012345670123456780123
56780123456701234567801234
67801234567012345678012345
78012345670123456780123456
80123456701234567801234567
01234567012345678012345678
12345670123456780123456780
23456701234567801234567801
34567012345678012345678012
45670123456780123456780123
56701234567801234567801234
67012345678012345678012345
70123456780123456780123456